2107
2606
3374
4191
4907
5706
6440
7140
7957
8657
9457
10191
10974
11724
12508
13208
13907
14690
15457
16269
17002
17768
18552
19302
19986
20702
21502
22219
23003
23769
24536
25320
26053
26852
27587
28336
29069
29819
30569
31320
32087
32819
33571
34370
35113
35896
36613
37379
38146
38846
39580
40413
41130
41897
42630
43381
44164
44880
45663
46397
47164
47914
48680
49447
50181
50964
51698
52498
53214
53949
54690
55473
56156
56923
57706
58440
59174
59974
60774
61540
62307
63074
63740
64507
65291
66040
66757
67524
68258
69074
69808
70591
71309
72025
72808
73559
74358
75051
75784
76583
77367
78117
78884
79617
80334
81117
81834
82668
83401
84118
84884
85650
86450
87201
87867
88685
89436
90151
90919
91602
92386
93185
93969
94710
95477
96210
96961
97744
98478
101612
102261
103011
103761
104528
105278
105995
106762
107511
108312
109046
109728
110462
111246
111996
112712
113546
114279
115022
115788
116521
117271
118054
118822
119522
120288
121055
121838
122572
123322
124055
124839
125622
126355
127055
127789
128555
129372
130057
130857
131557
132257
133174
133905
134699
135432
136149
136848
137682
138415
139149
139949
140666
141466
142232
142899
143699
144499
145282
145965
146733
147482
148250
149017
149750
150484
151300
152084
152784
153568
154318
155083
155791
156558
157291
158075
158775
159542
160292
161076
161808
162609
163309
164092
164843
165643
166342
167126
167859
168642
169392
170176
170893
171643
172443
173144
173893
174660
175443
176194
176960
177694
178460
179127
179961
180728
181445
182211
182944
183711
184477
185278
185911
186715
187465
188216
189016
189783
190483
191283
192033
192800
193533
194283
195067
195784
196533
197333
198050
198817
199550
200301
201068
201850
202566
203351
204068
204852
205601
206334
207118
207851
208617
209385
210085
210869
211684
212385
213140
213940
214674
215407
216174
216924
217675
218457
219192
219991
220691
221459
222175
222958
223726
224458
225241
225993
226758
227509
228242