706
1488
2221
2955
3705
4488
5219
5970
6720
7437
8220
8987
9686
10453
11254
12020
12736
13452
14254
15003
15703
16487
17237
17987
18720
19503
20248
20982
21765
22432
23232
23982
24733
25451
26200
26950
27701
28366
29184
29967
30684
31433
32234
33000
33734
34417
35184
35951
36701
37484
38269
38985
39718
40492
41259
42026
42759
43476
44210
44960
45693
46426
47210
47993
48694
49460
50243
50976
51727
52460
53227
53994
54743
55478
56210
56994
57711
58461
59228
59961
60736
61436
62203
62986
63703
64454
65203
65970
66753
69787
70537
71237
72071
72754
73487
74221
74988
75687
76455
77238
77954
78705
79421
80197
80930
81713
82414
83180
83947
84663
85446
86197
86930
87664
88397
89147
89947
90681
91481
92248
92964
93714
94448
95248
95981
96681
97415
98198
98948
99664
102674
103407
104174
104974
105707
106458
107208
107975
108725
109424
110192
110941
111725
112459
113191
113958
114691
115393
116141
116976
117709
118459
119210
119942
120684
121484
122201
122968
123734
124368
125185
125967
126717
127451
128168
129002
129685
130418
131168
131969
132702
133436
134186
134986
135669
136452
137187
137936
139453
140211
140995
141694
142445
143211
143962
144679
145395
146195
146961
147695
148345
149145
149945
150678
151461
152163
152945
153662
154362
155147
155962
156662
157429
158179
158928
159696
160371
165740
166323
167157
167924
168658
169423
170157
170923
171657
172424
173158
173941
174675
175408
176158
176924
177658
178408
179157
179908
180682
181365
182115
182849
183615
184382
185165
185899
186649
187416
188165
188882
189666
190400
191166
191883
192649
193366
194167
194916
195649
196401
197133
197867
198600
199400
200176
200909
201676
202409
203176
203942
204642
205376
206160
206943
207659
208376
209143
209943
210626
211377
212126
212926