2606
4191
5706
7140
8657
10191
11724
13208
14690
16269
17768
19302
20702
22219
23769
25320
26852
28336
29819
31320
32819
34370
35896
37379
38846
40413
41897
43381
44880
46397
47914
49447
50964
52498
53949
55473
56923
58440
59974
61540
63074
64507
66040
67524
69074
70591
72025
73559
75051
76583
78117
79617
81117
82668
84118
85650
87201
88685
90151
91602
93185
94710
96210
97744
101612
103011
104528
105995
107511
109046
110462
111996
113546
115022
116521
118054
119522
121055
122572
124055
125622
127055
128555
130057
131557
133174
134699
136149
137682
139149
140666
142232
143699
145282
146733
148250
149750
151300
152784
154318
155791
157291
158775
160292
161808
163309
164843
166342
167859
169392
170893
172443
173893
175443
176960
178460
179961
181445
182944
184477
185911
187465
189016
190483
192033
193533
195067
196533
198050
199550
201068
202566
204068
205601
207118
208617
210085
211684
213140
214674
216174
217675
219192
220691
222175
223726
225241
226758
228242
