1119
2336
3570
4736
5986
7187
8404
9636
10837
12037
13303
14432
15648
16881
18132
19316
20516
21713
22963
24229
25397
26596
27794
29061
30210
31394
32611
33878
35062
36278
37478
38662
39924
41090
42324
43541
44708
45940
47224
48391
49608
50791
52008
53236
54453
55686
56836
58085
59301
60502
61668
62919
64135
65369
66565
67799
68965
70182
71349
72598
73832
75046
76229
77463
78680
79880
81080
82264
83514
84710
85893
87176
88409
89609
90810
92026
93227
94426
95640
96856
98056
99323
100507
101706
102907
104141
105324
106541
107690
109002
110186
111452
112636
113852
114987
116219
117436
118700
119849
121082
122283
123550
124747
125964
127163
128348
129665
130931
132131
133331
134494
135711
136944
138061
139261
140444
141678
142895
144111
145294
146528
147757
148974
150239
151423
152640
153840
155041
156224
157474
158674
159886
161086
162269
163503
164703
165953
167170
168354
169569
170733
171815
173199
174432
175633
176867
178050
179284
180517
181700
182878
184095
185345
186546
187712
188896
190163
191330
192579
193813
194975
196207
197408
198691
199858
201125
202325
203542