752
1435
2136
2801
3436
4068
4736
5402
6086
6719
7402
8068
8785
9402
10102
10736
11436
12069
12719
13403
14053
14653
15402
16087
16720
17353
18003
18653
19303
19903
20653
21286
21937
22612
23278
23912
24564
25179
25864
26497
27164
27747
28413
29064
29714
30413
31080
31714
32380
33097
33714
34381
35065
35664
36314
36998
37681
38297
38947
39581
40214
40832
41498
42148
42772
43407
44106
44706
45423
46039
46690
47307
47989
48622
49256
49973
50606
51240
51890
52540
53189
53823
54490
55106
55773
56390
57039
57689
58340
59006
59640
60290
60940
61590
62240
62839
63507
64173
64825
65475
66141
66807
67458
68107
68741
69424
70091
71291
71992
72675
73308
73975
74542
75259
75924
76542
77175
77842
78476
79109
79774
80358
81009
81709
82326
82982
83614
84348
84949
85565
86232
86865
89515
90149
90815
91449
92083
92683
93399
93999
94699
95315
95982
96616
97282
97916
98549
99200
99866
100517
101200
101816
102467
103109
103725
104408
105058
105709
106325
106991
107626
108258
108925
110158
110791
111425
112058
112709
113326
113959
114642
115308
115943
116626
117259
117910
118460
119209
119843
120525
121142
121760
122393
123069
123718
124368
124985
125635
126268
126918
127552
128202
128835
129502
130135
130752
131418
132085
132702
133369
134002
134685
135335
135970
136585
137236
137886
138519
139169
139786
140403
141020
141670
142336
142979
143646
144846
145495
146146
146779
147445
148028
148712
149345
150012
150629
151279
151896
152546
153179
153846
154497
155130
155762
156429
157096
158946
159563
160213
160846
161463
162080
162789
163405
164039
164706
165355
165973
166623
167305
167972
168589
169255
169839
170539
171439
172423
173089
173756
174389
174989
175622
176273
176906
177573
178257
179506
180140
180790
181407
182057
182706
183374
183957
184607
185224
185841
186457
187075
187775
188424
189657
190340
190958
191558
192208
192875
193541
194175
194825
195475
196125
196775
197392
198041
198725
199341
199959
200626
201259
201874
202547
203164
203814
205164
205747
206415
207031
207682
208315
208980
209648
210265
210848
211497
212148
212814
213431
214097
214681
215282
215931
216598
217198
217881
218498
219131
219715
220332
220900
221632
222299
222961
223594
224195
224778
225394
226028
226662
227278
227945
228528