706
2221
3705
5219
6720
8220
9686
11254
12736
14254
15703
17237
18720
20248
21765
23232
24733
26200
27701
29184
30684
32234
33734
35184
36701
38269
39718
41259
42759
44210
45693
47210
48694
50243
51727
53227
54743
56210
57711
59228
60736
62203
63703
65203
66753
70537
72071
73487
74988
76455
77954
79421
80930
82414
83947
85446
86930
88397
89947
91481
92964
94448
95981
97415
98948
102674
104174
105707
107208
108725
110192
111725
113191
114691
116141
117709
119210
120684
122201
123734
125185
126717
128168
129685
131168
132702
134186
135669
137187
139453
140995
142445
143962
145395
146961
148345
149945
151461
152945
154362
155962
157429
158928
160371
166323
167924
169423
170923
172424
173941
175408
176924
178408
179908
181365
182849
184382
185899
187416
188882
190400
191883
193366
194916
196401
197867
199400
200909
202409
203942
205376
206943
208376
209943
211377
212926