4230
5446
6513
7493
8544
9527
10578
11595
12611
13628
14678
15678
16695
17774
18790
19774
20825
21824
22841
23841
24875
25874
26925
27938
28971
29971
30988
32038
33054
34054
35105
36134
37118
38119
39185
40152
41185
42269
43269
44319
45319
46303
47348
48348
49381
50399
51396
52430
53463
54480
55530
56530
57547
58548
59581
60594
61627
62660
63693
64677
65711
66728
67728
68725
69791
70808
71858
72908
73891
74908
75925
76943
77992
78988
80004
81005
82072
83072
84072
85089
86106
87138
88172
89189
90205
91234
92267
93284
94284
95318
96284
97351
98384
99401
100418
101418
102464
103464
104481
105530
106530
107581
108598
109598
110682
111664
112694
113694
114711
115727
116744
117761
118778
119792
120826
121858
122892
123859
124909
125926
126976
127976
129026
130005
131055
132055
133089
134105
135121
136139
137172
138152
139186
140185
141269
142253
143252
144319
145303
146354
147337
148386
149416
150465
151466
152499
153483
154500
155500
156566
157583
158617
159583
160629
161629
162628
163696
164729
165730
166746
167795
168844
169845
170862
171861
172908
173875
174924
175958
176958
178008
179008
180009
181059
182076
183075
184075
185108
186137
187120
188187
189221
190270
191220
192254
193304
194337
195337
196354
197388
198388
199405
200432
201449
202466
203499
204498
205531
206598
207598