369
730
1135
1495
2042
2401
2807
3539
3944
4306
5082
5397
5803
6568
6895
7300
8067
8429
8802
9568
9929
10334
11066
11427
11787
12552
12923
13284
14051
14411
14827
15547
15953
16314
17091
17812
18580
18908
19313
20439
20811
21577
21937
22343
23074
23796
24386
24932
25293
26060
26431
27556
28324
30011
30556
30916
31322
32460
32820
33586
34538
35805
36581
36896
37302
37848
38442
39570
41114
42565
42926
43286
44423
44828
45595
46502
47814
48590
48950
49311
50043
50448
50808
51401
51947
52352
53072
53434
53841
54573
54935
55295
56072
56431
56837
57559
57975
58337
59106
59466
59837
60558
60918
61555
62056
62461
62821
63587
63960
64365
65445
65818
66583
66944
67304
68443
68850
69582
69988
70348
71069
71440
71846
72567
72927
73332
74065
74470
75608
76374
77281
78046
78594
78957
79328
81591
82543
83855
84576
84936
85307
85887
86479
87617
89150
90059
90559
90976
91337
91963
92462
92835
93600
94366
95144
95458
95864
96585
96956
97316
98083
98490
98863
99585
99944
100535
101081
101442
101802
102580
102940
104111
104471
104843
105564
105970
106516
107107
107466
107828
108608
108970
109550
110096
110467
110873
111594
111953
112544
113090
113451
113856
114589
114994
116120
116492
116852
117573
117979
118526
119120
119480
119841
121153
121570
121931
123603
124380
125505
126598
126958
127363
127910
129583
131850
132847
133346
133893
135612
137469
138609
138971
139376
139968
141595
142373
143184
143870
144590
144995
145355
145949
147620
148399
149482
150619
150979
151385
151932
153615
154556
155878
156599
157004
157364
157910
158504
159645
162628
162988
163361
163986
164487
165624
167342
167887
168611
169017
169389
170155
170470
170875
171608
172013
172559
173105
173465
173871
174637
174998
176134
176496
176856
177632
177993
178587
179135
179495
179855
181212
181572
181945
182350
183617
184383
185474
186646
187017
187377
187969
188332
189647
190412
191864
192861
193362
193999
195626
198657
199077
199983
200342
201654
202421
203373
203873
204650
205010
205371
205963
206368
207635
209491
210629
210990
211395
211942
212347
213663
214429
215882
216659
217019
217380
217971
218520
219648
222642
223048
224000
224362
225672
226624
227171
227891
228668
229028
229389