5405
7270
9169
11086
12920
14900
16817
18767
20667
22617
24484
26430
28313
30264
32181
34097
36027
37894
39861
41811
43728
45624
47542
49424
51356
53239
55207
57106
59057
60986
62835
64753
66670
68604
70570
72499
73899
74847
75831
76764
77714
78715
79731
80648
81581
82548
83482
84448
85415
86378
87328
88278
89228
90228
91128
92111
93095
94062
95045
96025
96942
98858
99841
100825
101758
102708
103675
104625
105542
106475
107476
108421
109387
110371
111321
112255
113188
114155
115152
116068
117052
118019
120502
122403
124270
126182
128116
129997
131981
135815
137715
139612
141528
143496
145410
147310
149261
151161
153094
154978
156923
158839
160723
162657
164590